31,80,46,38,51,33
63,21,44,46,27
32,42,26,43,62,20,15
65,76,36,25,49,13
66,60,55,19
42,68,40,71,18,14,26
33,70,42,32,15,48
53,25,75
48,20,45,35
35,45,43,16,17
43,26,14,54,16
21,49,25,24,62,23
56,65,4,49,72
26,6,18,67,81,54,11,78
48,7,32,3,20
10,43,11,54,41,77
10,59,22
6,71,19,37,14,78
66,5,55,57,37,18,78
48,15,3,64,45,9
63,47,72,49,12,23,44,2
17,59,71
21,12,62,24,44
23,62,12,25,69,29,28,58,44
12,49,4,36,75,8,53,69,24
3,70,42,6,14,11,43
79,63,2,46,80,31
29,61,24,58,52
24,69,61,28
65,73
27,80,1
7,42,3,15
1,51,42,70,7
41,59
9,45,10
4,76,75,25
19,57,18,74,78
1,46,58,66,50,51
22,59
50,66,71,6,68
77,34,16,54
7,70,33,51,68,6,26,3,32
45,64,3,26,11,16,10
46,2,21,23,24,58
35,9,20,64,43,10
27,2,44,58,38,1,80
63,21,72,56,73
7,15,20,9
21,72,13,4,25,12
51,38,66,40,68
50,38,1,33,42,68
55,60,28,58
8,25,69,61
81,14,11,16,41
52,60,5,19,57
65,13,72,73
55,19,37
38,46,44,24,28,52,60,66
34,39,22,17
58,52,55,5,66
53,69,29,28
23,12,24
27,2,21,47
45,20,3,43
30,73,56,13,4
38,58,60,5,19,71,40,50
74,14,81,78
51,50,40,6,42
24,25,53,61,29
33,42,7
40,66,19,18,6
47,56,13,49,21
47,56,65,30
37,67,78
36,25,8
4,36
41,16
67,74,37,18,14
27
27,46,1,31
67,14,54